29781
4143
20852
3933
20456
24873
12207
3181
28591
8745
23529
18768
18071
32253
2825
18268
12399
455
29686
1774
31980
3062
21176
3584
11248
10101
9946
15614
16139
10018
12562
26070
17475
5506
29732
22863
32272
19635
15619
24219
19627
19106
30265
18735
15496
5502
19082
8402
24097
17516
23252
4084
19190
124
2874
3138
31698
4571
11137
28023
21583
19787
32442
26229
1948
30161
26146
5268
14974
26285
13126
6458
1685
6543
25963
29100
17121
23816
22060
291
13701
20287
6501
291
4810
28901
5200
19464
28006
25707
4078
13794
31743
11634
19113
26498
22507
1155
19767
28629
6458
4864
1729
32625
29686
11098
29765
622
15017
20869
22329
3191
27168
10153
16241
19232
8815
4891
27714
29306
12597
11659
18664
22502
4385
22143
2085
12070
693
30976
9003
7610
8778
22930
16316
6249
8021
106
16784
16158
30952
5084
2807
10997
25468
14099
12479
25238
15341
16644
9560
26818
11206
24484
7990
6443
25279
31577
15991
18313
2436
28335
13766
21738
20920
26189
31359
12105
18234
32039
16403
28515
18087
26869
17071
2246
15648
19171
9496
16427
5453
30858
26074
23557
30113
20767
12193
17242
13280
29418
2279
32466
8671
25850
9935
20494
6028
2328
26449
21306
24109
27129
13976
24294
24813
14776
25512
5649
18068
5251
10308
24711
22678
23444
26639
15726
23375
15458
27377
9243
15245
14361
5820
26410
13647
16200
27664
19917
22476
13786
19068
22372
2743
29512
16357
23886
30914
4877
26412
1791
865
10585
6667
17491
9168
12297
31296
16930
23895
16343
5614
3349
9421
27086
11072
22200
24923
17666
20303
4304
27266
1149
31814
21230
10079
10620
19140
15940
13102
9692
23169
21432
11022
719
11829
28727
2307
24531
32437
25420
12353
24037
18783
21489
3752
19185
7609
26533
30603
8590
28245
24510
7093
12520
26872
8449
17070
253
6650
22896
10554
18189
24304
14435
10531
32331
27785
27866
3640
30937
27574
24082
15510
31987
29198
21078
3110
17003
22896
30744
32103
25685
15082
1344
11118
6915
4313
24772
7979
21044
17490
2681
26605
28552
10689
13609
7464
23863
12496
18149
11639
11523
19339
13212
7901
26475
20673
26093
9296
23330
23981
10810
11384
191
31445
20478
19892
18102
2099
30048
13150
22919
13459
12552
28752
15413
1084
3633
23206
17658
10962
3839
21702
21049
15483
10515
10142
19380
31297
28766
21037
17407
15800
25650
29253
20021
18400
4767
10895
23529
30540
1532
10703
14175
10628
12484
14185
28156
19369
19364
26917
16124
24151
22993
26159
25187
28879
18335
23394
15414
22358
22352
1221
20458
8408
20521
28758
2077
4049
9164
24071
9860
6766
32193
24839
28709
13807
29014
9794
27078
29007
14761
1067
14501
8999
16387
14265
31593
11984
23655
29359
12121
9415
1131
7969
30156
16982
23623
31796
19936
5233
24108
30757
5743
16863
3031
27533
27711
16538
24165
6627
14457
31351
26729
6978
861
9481
24124
4972
24371
20675
30868
23056
32645
29534
25944
30792
20619
29050
15027
8038
8935
27528
8296
31984
16275
20967
9061
4073
30743
1101
26522
25426
1791
105
11275
20977
21644
25543
21796
14161
29610
17651
29005
12810
27426
10209
27583
23362
7953
4492
24982
6004
28313
32478
19751
25713
22998
17104
31635
18596
17427
4050
157
18329
9790
12397
7352
32705
17818
13095
18788
21871
17076
3495
24507
20263
5272
31513
3399
1816
17476
6612
2839
21991
31837
3130
19218
6830
16673
8416
3979
17477
25757
17904
8469
32704
2848
19403
5784
12344
21487
15090
25508
5071
31290
16678
8454
14830
591
31182
17305
11985
18190
5530
13663
70
31645
9574
1232
32689
30045
3169
7794
25940
21020
23918
17578
14541
20108
10186
14802
8928
24819
30447
20619
3191
27685
2489
22101
12007
7856
1224
3165
31093
21078
9253
8853
28697
32704
12328
26890
26498
6768
14745
11123
16985
26872
24853
27397
5066
11625
11699
27279
19265
12815
14056
16578
19825
3675
9640
25808
7835
14369
20686
26938
525
13572
30910
22754
13033
46
26185
27240
6695
30788
28881
32179
9693
27032
12205
6094
9662
2209
23246
20726
20705
28841
7843
26865
22725
31430
26427
30113
11665
267
26282
24536
22432
25087
23213
8814
2620
22606
21905
32657
21418
31423
3664
8285
3688
30822
31742
21164
30642
25883
16483
22832
3914
10795
9706
447
9337
28493
13498
30189
13393
4055
8994
31200
32054
28721
9530
3424
27549
18314
24519
9006
17426
12747
608
25239
11904
7625
19663
10056
1709
27583
954
13156
5636
20475
6275
18388
6807
19927
2156
5855
16228
24299
14079
17658
27095
6785
18349
27617
145
29001
15029
21478
3944
20815
20807
22409
27823
17961
31977
9546
17335
26997
24091
21435
10389
14211
5686
31705
6438
7246
28826
19868
3921
19633
9992
21197
2188
16343
17741
21528
9890
23796
28705
5218
19891
12594
4942
22109
25468
16879
15125
24665
5080
20261
7373
29277
16007
6697
4813
25206
29231
1177
3980
21327
6304
7055
19463
14594
14428
25371
13667
8238
28503
30193
24020
27466
2811
19806
29885
31288
24943
17793
2585
28701
20505
12727
8473
2929
866
5463
22030
17490
27577
21664
7050
9502
986
29167
21186
4416
19536
11061
17207
28234
8248
2985
13718
25413
18249
17850
13788
8772
26897
26952
16573
28736
17793
18963
24647
24351
22188
10868
31683
28182
16332
32331
24284
1073
11654
23096
15363
31024
2927
25358
11793
8341
13006
20868
32046
2811
30372
24110
10994
29097
12521
10668
2507
103
13593
29986
25503
29073
19439
16104
29618
12393
7280
6018
14281
30129
9772
17106
23696
4730
12481
31116
18745
23863
21664
24299
3686
29973
276
32418
15433
20367
9088
26390
25609
17468
21480
13258
18536
2796
10930
7194
420
24564
9134
23085
6298
17094
12885
32293
23857
709
27470
408
31734
3671
26423
12100
5892
14395
17057
13054
26151
26397
24412
26092
8769
25447
19190
10996
16364
14171
28286
28532
15712
21855
27533
9268
1944
30871
19080
17049
15024
29625
24095
12827
16786
25117
25
8696
6353
28436
2900
11050
14549
10107
14087
20119
27449
2448
14155
9097
3953
18180
18138
19037
4784
27985
32278
30591
7944
26701
6989
10902
17876
4863
8251
26107
10579
19122
26832
31344
27029
14409
7988
15119
22683
17362
